6399
8837
7655
8168
4925
4905
1072
7591
6511
8052
500
473
8567
4148
1705
9054
3433
3796
1716
2714
2850
5693
2356
3715
3880
6595
847
4307
3605
286
7913
8556
6422
1041
4277
8403
3315
669
4871
9558
3071
7294
2948
9714
8534
9073
518
4507
7919
2211
3389
3754
587
153
9539
5665
4159
5187
7994
2179
8710
3782
3788
9193
4222
728
5242
4752
3375
5157
1315
127
6064
6211
8370
5773
2576
7443
329
9425
6281
9962
6724
693
1049
2375
2378
6418
5194
6262
3335
1837
6427
5068
2481
8082
7845
2714
8209
7615
3554
7556
4365
4586
6770
8468
9855
4248
6823
5304
7146
451
1081
4819
2265
8048
3494
603
4729
8916
2808
4486
3090
6320
2620
9149
6356
2807
7101
6941
9022
9804
1032
1552
9782
2608
5659
3804
9611
6232
6108
4043
5810
6911
9963
9660
9182
5804
1617
4386
9837
6188
7646
2638
24
5429
8262
225
9522
1480
5689
2817
3714
743
8966
55
2922
7251
6771
2055
8448
2915
1556
7110
3165
111
5651
910
1032
2015
6753
3324
2875
9347
9640
5989
2349
6843
8185
7120
6486
9672
4270
1458
6220
2105
8317
9382
8227
7879
1657
1006
6861
4884
737
4999
695
955
4177
3096
7349
1705
9481
6089
4974
9140
3759
8267
3816
3799
8396
288
1845
4470
666
2755
3330
7874
765
4393
7709
3862
2001
4068
3938
9284
7631
1693
8831
7830
8519
1026
3894
6682
6728
8248
9171
4218
8311
9902
8967
633
2749
1051
1224
2698
9757
6015
1819
3722
6035
4250
3450
7874
6270
615
2843
9579
9278
143
4826
8240
4522
4228
6676
2979
7810
9722
9514
9761
8004
7491
3760
9499
7086
9026
4571
738
7002
8673
6504
1288
451
567
6028
819
7279
3585
3786
3325
5133
8442
3173
2777
500
167
7078
5427
5209
2485
9265
1232
7861
3508
1152
5490
8109
2478
6300
2255
9895
779
9331
7995
2683
29
3039
5473
6134
6707
285
7790
9455
2807
8891
8326
9714
9582
8152
7924
5786
7948
4227
2426
7986
4653
6455
9622
7893
6322
4288
2920
6198
6777
9673
880
5407
9101
1756
1401
4395
6998
9180
2392
9169
658
192
2086
3670
4251
4834
766
7790
8667
1999
1778
835
1208
9761
1358
4219
9974
9568
3585
8451
7196
4067
4323
2742
5873
7748
9540
9585
5678
998
6997
9731
9721
8855
5247
1611
9057
2695
3912
2909
1589
8261
6972
5206
9086
1497
4722
5894
2366
6577
3233
2791
8020
1305
3988
6997
8090
7837
4397
6832
6901
7258
8407
6913
5750
984
8999
8217
2438
9852
975
7772
1194
5148
5078
1984
2033
3971
3754
3747
3411
2448
3873
8164
4578
856
2630
2143
4784
4098
6016
9449
4415
846
645
3831
3925
2412
5631
4554
1899
2412
24
4804
4886
350
8344
6419
5590
851
8724
9484
2295
7534
8177
9491
5621
6506
561
8167
1810
1907
1757
5120
7402
8196
7467
954
9697
2414
8400
9516
5697
7700
8173
7373
8815
329
3823
1647
4797
5805
3042
5161
6521
4836
1465
6001
8334
6207
8156
7495
6651
8691
1237
8819
3837
923
6493
2102
6559
9008
5872
7463
3643
1171
5325
8070
2511
7907
5055
5314
1742
8139
8385
3389
7323
3822
9174
9187
4615
3336
2051
5770
5301
2797
6099
3487
2587
2295
1957
2784
8370
5262
7314
2946
461
3385
5328
9149
2600
9638
6963
9193
154
56
2080
5528
7025
3719
2895
7180
3257
4799
5083
3227
8397
5253
9038
3900
3841
9591
8823
548
8220
3685
5813
9060
9860
2317
8621
1430
3546
3850
7732
1056
5672
6247
1616
4452
7868
1313
2681
124
4091
9310
7656
9310
7348
586
5261
4439
2357
7697
1834
240
7743
2465
8107
6071
7646
2368
3288
7047
5422
3965
5504
5727
3501
7101
8830
9962
808
6215
3070
9617
2851
188
5462
7863
636
4507
5936
3377
9165
7823
3485
2988
16
633
3691
631
5023
3436
6731
3115
1006
7640
3566
9350
7325
3972
8518
2738
4285
2541
3929
9860
943
766
1828
6875
3670
2334
8189
6143
2774
5647
9113
7819
602
5837
5521
1735
9129
1174
2937
4415
2063
5239
3947
4419
2041
1302
9258
6566
3092
2823
8043
7384
418
230
5273
9321
1437
7
570
7207
8124
6326
390
5330
8873
6675
4907
5678
2742
7545
4144
4869
7674
4399
6962
723
8905
4784
5657
4399
3078
1623
7641
2537
969
2744
7359
7460
4708
3966
7230
1919
6621
67
7501
6414
626
7260
4801
9252
9333
8291
5407
462
565
181
796
1619
6784
5999
3017
3370
4400
862
2418
3472
898
5152
9450
5757
2764
2853
8273
8250
8850
6106
874
2535
7852
8868
4049
6946
1689
4375
7
2769
5965
161
1435
9330
8441
9560
3363
2806
7473
4033
9104
4202
7752
1867
5445
1146
210
2152
877
2624
1117
2317
5103
1288
599
706
6671
3420
1274
3787
6669
9522
1064
1395
2306
3508
85
4689
4877
9476
3660
1256
6030
9701
2294
7966
8720
7734
8465
8010
7418
8245
4094
5068
7710
6435
739
6732
9276
4122
3714
3280
6930
8445
6615
7715
8819
6692
5923
8594
115
3592
617
826
6319
5759
8957
1864
3105
5045
6073
1989
3816
8316
8212
4827
5458
3287
1428
4771
6202
234
8413
897
6845
3527
9828
5957
4580
2597
4846
4728
2864
5932
7684
1839
1300
6227
8693
7057
8891
8490
4234
4143
6818
5883
7147
3517
4330
2521
688
6457
9010
2927
6531
2989
6159
2459
2818
2277
1781
8265
8711
146
2309
9503
6585
3203
3043
4042
7599
7362
3952
6955
5610
5666
4288
1607
29
5137
2153
467
5522
5070
7120
3525
404
6257
1899
3404
5558
8974
6643
2234
3727
9373
6342
2249
5966
622
1607
9467
3098
2045
3478
9604
4959
6134
6307
8419
7446
9104
9897
8037
968
1451
7723
3988
6252
1406
1872
8218
679
4168
375
1506
3498
4050
1779
7222
100
7454
8021
3865
4145
4051
6880
6796
6288
6864
8007
